1111111111111111111111111111111111111111111111111111111111111111111111111111111111111111111111111111111111111111111111111111111111111111111111111111111111111111110
1111111000100110001010010111011110111011011110000100011011011100101011010000000110110000110000101111110111001100000101011110010100000100010110001011011000111110101
1010101110100011000000110010010110010110111110110010001010011001011000001111110101010100111111001011001101010100111011100101101000001111110101001001111110010111010
1011110110110011001000011110111000010101100110001010100011010110111110111111100111110111000000100001001101011100010010000101010110111111101111000010110000111011011
1111001000111010000011110000111111100010001101100000000011100100111111001111111001000001100100110110100011110010110001010001100001101101100111010010110000110000001
1101011111100010000000100010111011001101000111111111001011111001001110001011100101111010011110111101111101001001110101010111100011101000100100000101000110111001101
0001000110110110111110001011101111000011011010010111111001011000001100100101010111100111110000100101110100100010011110011001111100000101001100001111110100110111110
1011010001110111011001100110110100111010011011100001010010110111000110011011111001010000111001011010100000001110101101000101110111011100011110010011111001111101110
1011110110000000100011011110011101001010010000100100111010100000111011100100101100111001010001101000010111101011000001010110101110111000010010100010111111001001111
1011000111101000011101101001100111110111011000010001101000101111010001101011101001100011011100010000010111010110001110011001100000011011101010111111001000010100110
0100110011100011010000011010101100011101110001100110001010101111100100000111010101011010010101111010001010111111110010010000001000011101110101111010000110010000010
1111100010111011110011111101101110010001111000000001111010110111001110111100011101000001110001011011110100001010011010101010100110010111000110010111011101110010110
1100011000010110111110001011010100110101100111010011101010010010110000010010011010011110010011100101011000110000011001100011010111101111100101011110010110111000000
0111111010110010001011110000101000100100100001010111101111101000110001011011000000010101100010100110011101101001010001111010111010000011010001100111101101001100000
1110001001000111011000011110100111100010101111110011011000010101111101110100111001011101010000001110001011001110010011101100001110000000000010110110111100010001001
0010011111100001111101111000110010100100001110001010010010001001110100100000010110101001100111111111101001010110000100011100011101111000101001011101001101101010110
0110100010101100001111111011110000110000000001100010010101110010011101101110101100001011100110101011010101111000010000100110111011111011110101010010101000001010011
0000001101010100010110110110011001100110101010010001100110111101100011011101101101110011100101011010000011001011110010101110101000000111110100011000000011010100111
0010110000100101111010101001101110011101000000101001010100011010100100000001110100001110101110010000100010001001010100001000110110001000000100111110110101011011010
1000110000000100010001111101011001101110100010001001111100000100010100111010101001101100000011011001001001001001101101110110011101011001100011111100000011011001111
1011000101001010111011010000000010001001111010101011100101001101111101011000111111001001111100100000001111110111100010000010010100101111111100010000001111001111011
1101001000011110111110100100001011010001011011110100111101101010100100001010000100000110010000110010100011000010000000101001100001011100110010101011010100011110011
0100110011100011101010011010111100101010100101111111111011111110111101011110010111111101000010011010111110101010000000100110000110110001001111001111110000001001100
1111100000110001011000000110100010111110000011110100111111110110001111111111011100000101011010010111001001111110100000101010111111000110111101101001100001100011110
1010111111010110100101000011111000011101001110111110001100110100110100100111001001100010010110100001110111000000111110100000101000011010011101001011010110110110000
0101000010000011101010100000110000100110111011001011101100111010001011110010000101000010100001111110010001101000110101110111000100011011001100100000110010010011100
0011110000000101101101111111101110011111010111111001100101101000000000001100000010101101000100000001010101011111010000100110111100100010001111001111100001001000011
0001011000001001001101101111011000100000001001100111100100100110110000110011100011100011011111010110100101000001100110011101110111010110111001101100110000100010111
0110101100011100110011100101111001111101110111010000000110100101001011101010001011100010000001101101001111000100101101001010111000001101110111111011100010011111010
1001100111010110011110011111010011011111000010101000001011001011111010001001111000100111000001100101011000110101101110001000100011001011111011110101011010100000101
0100000010111010101101011010001111010001101101011011101000001010001101011011101001000001001011000001101111001100011010111111000011110001011111011011111100001011000
1001110110000000001101000111000011101001101010111010001000001101011011001010100111011100010111110100000101101101000000010011000000111111110010101100010111011010110
1000001000111001001001010100111011101011111011101101110101111001010111011101001110011001100000101101101110100001111010100101000110111101111100000011111101010100111
1100010011110010010011011010111111010100000101010100001010110011101010001101001100000000101111010011011001010000110110000011110010001010001100000010110010110101111
0111001101000100100100011010001001110000010110010010010000011010011001100101010010110011010000110001000101010101110111000000000010011011010100110000001001001001111
1011110111111011001110010010111101111011101000000011001100100000001000000110110001110001000100100110010101001101110010100010110101000001111110100011001010111011000
1010110100010100101001001001101011111010100010011010000101011010110000100110100000001001011101011000111010110000100100001000101000010110000111111000100100111110001
0110101000110011101000000010110111110101011011010001101010111010001111100000110101000010110011010010010111001011011110001100011011010001101011010101111111011110010
0110101101111110000100001111110000001111010100000001111010011111110101010100001010001100100001011101110100110010111110111111010010011010001111011100011001110110100
1101000001110110111000001000001101111111101000100110011100010010110001101100111111011100100011011100011011110011100101100111101111101100110111110101110001001011111
0000001001110111101111001010110000010101010111111101111001111010000010011011101100101100110011111010111101010001010010001110100101011100101101010110110011101001100
0001000010001111001110000001111010110000100011110101000101001111000110111101110101100011100011001110111011100010010100001011001000101100000111101100111011100110100
0010010000011100100100110000100010111110100100101101101101100100001101100010101101110000100101000110111001000001100001001000000001100110010100101000000101100011100
1110111000011111011011100100110110100101010101001101001000010000011100010011110101000100001101101100110001010111010001010110100011111001110111001011101011100111101
0001011110010011101101101000100100001100011010010010010010101110101010000101110100011001011100011010011101000101101010110011010010001011100010101100011111000101101
0000101011110010010011000100100011000010010110100001010001010011110001010000111001010010011011011110011111110111001110100011000001111100010010010011010110100010110
0100110111100000011101000010111101110011101110101100100101000000101110001101011100010001100001011100001110110010001011010000010101011100100111001001000010011111101
0101001001000110111100100110001100111000001000100011110100100100010011110100000000111110011001010000101010101111011011100010100110110101001011100001111101111011101
1100100100111010100111001000001111100110100101001001000110010000100001100101110000100100001010001101010100111111111011110100110011101011110000000101011111100011010
1001001001010011101110101100011101001111010110010110101111111001010101100110101010111110011010001000000010111000010101000000010111100000101110100111101111101011001
0110000010001001000011000100011111010000101111001110001111010010011111111000100011110101001111110010011100010011101010110010100100110100101110010011111000000100111
0010011011111001000010011000101000011111001001110101101101110100110110001110110110110110011110010110111111110100010000010011101100110010100100010111100000000110000
1110111110011000101011111011000111100001110011011010111011011010101100000001101010111011111001100010110000101001100101001101000111111011011110101011001110010100010
1010001100101100111110011000101010101100001000001100101100111111001101111111011010011110011000110000111011110101001001001010011101101101101111010100001001011111101
1101000000100110011101101011011100001111111010110011010011011010011010101100001011001000001101111111001100111101110100101111100111010001000110010100000000100101011
0001111011000111000010010111110111001100010000100110110110111010111101001010110100111100000111000011110000100011000101011000101110100100001010010000010100000011110
0100111001101101101001000100000101011010101011100000100100111011000011100000011010001111100010011110101011111101110001001011111000111000110000011010100100111001001
0111000010111110010001110011001110101010101001100001011001110001110010101110111111000101001110001001000001000001000010100110001010111010111100100111010000101010001
0010000011111110001001011101011101000000111010011000001100011011001101001111001111010110110111110110011001110101111100010100010110110010110100101000110100111000001
1101100001111000101000010001101110110010111011101100001100111101101011010010001111110001000110100000111111011110100111000000100010000011000011101101000101110101011
0100101010000000101111111011100110101101110001010101000111101010001010010100111001000001100101101001100011010100011001101101110011111100011110111010100100000011010
0011111101111110010101000011001101100111000010001000100010001010010010111011010111001011101110111100011101111101010010110110011101001100111111101100000110011001100
1000011110011110011010011101100101110000111001100100110110010001100111000010100001001111110000010100111000101010000000000010111010011101110110100110011111011000110
1100100001110010001111001010100101100010011100100001110111010110101001111110100010111000000010111100101101001011110001101001000010011010011101101110111111111100100
0001111101001000000011000000101000011111100000000010110101011011111111111111010101110001100100000000010110100001101101001011000111100000101110100101100011100001010
1101001001100100111110110110011101101011111110101000110111010001100101100111000001111100111010110001001100110000111100011011110101001101011011000100100001000000101
0111101100111001100101110010100101001111001110000110101000111111110100110000101110110101000001001110100000010011000010100101000011110010011010010010100001000110101
1000001010111000111000010111110110010100111011000010001000100100100011010011111011010010100001001100000010001011111000010101000010100011000011100111010111111111101
0110111001101110100110000010101011111111101111111110101000010100000100010110100100110000000000000111011101101001110101110101010010110101000101001011010110101010100
0111101000011010000100000000010010100001001101111010010100110010011111000110101110010100010111011011001111001001111010111100110100110101110100101011011000010001011
0010100011011101111100110001011101111011111000110100011011110111101101000011111011111110111110000111101100011111011101100000001011100011001001101111000111011010001
0001011111100000100101101100000000100110000011100110110101011111000010011000111101100101101100101100101111000000010011001010100011001001011110011101101000110101011
1010110111010001100100000101010111010100011000101110010110110000110100111110000110001011100101110011101010101111110010111010010110010110101010100001001010100010010
1111000001100001110111101011011111100111010100010101110101100100000100001001101101011111010100010001111000010011111100010111000000010101110110010100100000111100101
1110101010110010100101001010001100110010010000111011010101011001001010101101011111100001101100110011011010010111000111011110101110010000000011000001000101001101000
1011110010011011010100110011110100111011010100111110111111010010010111011101000010110111101001001101111101110100000001111111101110110011001111110111111111010110010
0111111100010000110111110101110011111100111100011100111000101000000001101010000111010001011100110011011010001010111001010001000110001001101010011001001100010100011
0000001101011001000001000000000110010010110110110100110010011101111101011010011010000111011001111000111010110010010000001001100100000010011011101101011110111001100
0001011110011010010111100111011110110011110000110010011000001010001010000100100110111000111110001100001100110111010101100001000001000111111010010101000101110110101
0001111000101010010111011011101001001011101000011000110011011010110110000101001101100001001100010010110000011011001011010111000111010111111010101001000111111000000
1100000100111010101010000011001111111011000100010011111011110000000001111100100001011100000110011110000001101011100011010111010110100100010011100111010011001000100
0101111100001110100011010110111111000101110100110010110010100000000100111100001010110010100110100010000001011101101110001001000001001111000011010010001000110101000
0111111101100001110001110100001101011011011110111100010110101011101010100000010101111111000100110100100110101000100010100111010000001000011101111010111101111101011
0111011011001110111000000001000110000010010011000000010011001101000101111111101111110011101111111010010110000001100100100101101100010001010010100101101101100110000
0001111111001001101011110110110011000011111001010101111000100000101000101101000111011101101011000010111000101111010101011101111110000001000111011111111010011000001
0000010010101000001000100100010101010101001100011010010000100100000101100011000011010101101000100000111110010101000100000111101111111000000101010100011110110101011
1001001110000101110101101001011110111010100011000011110000001000001011101000101010101001010000111101000111011100111110101101001101111110011010011100110100011100100
1011011001101011001010000010101010111101001000010101011001010110010010111011011001001010110000010001000000111111010100000001101011011100010111000001100010001010001
1100111000000010010110111111011100111001010100111100101111111111011101010100100001101001111011000110010011111011011000001011010100000001000110101011110110111101001
0111110101111101010001111101100100000001111000101100000000110000110011000110001101111110010000000001111101110111011100110011000100101010000010101000101101001001000
1010000000111000010100100111111110001101111000001100001001010110111001100100101101110000101111000111001101100100000111100111111001101111101000111011011010011001001
1101000001101110101011001010111101101010001001001110110111011011111100101010110110001100000011011010011100101101000100010101101100011111110110100001001110101100011
1110100011111001011010100110111010101000010000001110001111000000101001000011100000110110000111011100010001111000110101011100010001010110111001110011101111000000010
1010100000100001111101111100000001011111101111100110100110110100001100111010011100100110000101101010010001010101001010000100110010000111100101000001010100000100000
0101101100010000010110100001010000010110110110101100010011010101011011000010100001011101110011001001110010100000000011001001000010010001011101100001100111100011000
0011011100000111000101010001101100110010010111101010111101100001000000000101101010011100101010111011000110010010000100101011010000111111000010010100010011110001101
1011000100011100011111101100101111110100101111111110001010100010100111001111111011100111110010111010001101000011100111010111110111011110110111001111010001110110111
0100111111011001010011100110001110111101001100000100110111111110001000010101101101111111101000010000000110011011001001110111011011100101010000100000001011110100111
1001011011110100100001001010001110000100100111100010101011100011111101100100011010110010110100111011100110111101001010011101100111000111011001101100001101110000001
1101001101010111010101100011110010001000100101000110010111111001000001000110111011000100110111101101010010100011111110001010110110100001110010110101111000001000101
0101001011100000011011100101011001100010111110010000010110000011100011000100101110110100110010001001010010111011100010011111110110110001100100000101011101001111001
0011001011110110101000110110000000111000111001011000100011011100000101100010001000011000101101100110011111000101111010011110101111101010111001101110010111011000101
1001111011111111011100011011100010000011101011101111010011011110000101001010011010000011000101101110100000011000110011100010110011100001111101010110010100110001000
0001100010100011110100101011001101110011001110001000101001111111001001001110100100111110100011001010010000111001100001001000111010000011011010011111011111101000100
0100011101001000110101010001110011111010100110010101110111010100101011011110011011101001010111111100001110001111111101110110110101010101110010110001101111010010011
1011001111101100111011100111110001001010110011100101000001011111000000110100101111010011001001010110110110111101111110001100010001111101001011011100001010110110001
0110011010111011100111001110111101001010111100101110111010111000110011000110010111100100010111011000011010010111101010000100000000011111010001101000001101011000000
0010101010111000100101100011100001001111000100010000101110110011100101101000111111000011010011110011001110001110110010110011001101100001100111011110101101100010000
0011010011000110100010101101011010111100011000110001110100011111101001010001111111100110101100011111010001100011101100111100100001111001100010011110110011010100111
0111100010111110011101010101110100000111011100110111100010000101000110100011001100000001010100000101101111010011101100111000011000101111100000010010110110100000001
1001011010001000111011010101101010011100111010011011010010011100010010100101110110010001001100110101010100101101100101011111010000100110000111000011101111000100011
0010111111001101110101000101111111110100100110110000110010100100000011101001110000001101000000110001110100101010100111010111011001000100100111010010101011110100101
0000110111011000100110010111011110000111111110111111010110010111010111011000111000000100100101011000111100101011011110101111101111000111001000001110101111111111011
0111001000110001010110011111001101000000011100000011101010111001000111010011000101000001101111100110011000101110100101110101011100001100110011000111110001101010100
1110110000001001010110011000010010000101000001000000101010100101101100011110101100011111100111000111110111101110100010111111100011011100010001101000001111000110111
0000011111110000010101000000110111100010101110101001011101001111011110110011011010001001011010011110111010110000110010000111100111011100001010111000111110001110010
0000110111100111001011101100111111000100111000001100100101110011001001000001001010001011110011110011011110110100110000001011101111011111011110111110100110101100111
0111100010011111001100101110100111101110010001010111001100110101100110111110001100001100110111100001101110101110110101110001111000001011000001110111001101011010011
1001011011001100001101000101001101001110010000100100000001100100100110000010111011101111010101000111000100101000000101011101001010011100100011101101000000011111111
0010101001110010001011110001111110001000100100100000101110001011001100110100001101100110100110010100011000111001100010000111100001010010001011010001110101101001001
0011110111101000011010001101110000011000100110001111111100110010100101011111100011000101011010111010001001100101101111010100010000100111111111111001100100000001010
1110000010000000000010100010100111101000100001101100010111100000110100000110001001010001000100010010101111101011110001001101001101011010010001100010111110010101100
0011100100110000010100000110010100010010111100110001010111100101000111101010001010111011001010011110000010100000011011111100101110111010111111000101000101000010110
1111101010110011101001011000110111101101111100100010011000001010010010010001000011110011100111111111001110110011100011101100100100110100000000110010110110110111110
0000001101010101101110111110001000001001101000100000100111011011011110000010110011100110000011100110100000010100001000011110011010001100011010010110001111100001111
0000001001110000101100010111000001000110101001100101100110011010101010111011001100010000111011111010000111101111011100000100110001001111011011101111101010000011110
0111101011010100011110100000010011011000000100111011111000000010001010000010101101110110010011111100110001100011000101000001111000011011111110001010000001110010101
1011101111010110100111010110111001000010111010000101101100010100001111011010000001001111001001111111000011100101001000001000010111100011111011010101110001000011101
1001101001011010000011100110100101110110010000100101010001100010001001001111111010011000100101110111111101001010011011001110000100001101110100001001001001101000010
1101001101100000010101010101011101100001011010100101101101000101011111111101110000111111010101111001000000011001111101000100111000100011010000111111111011110111011
1000110011110010000010010011110111001100010000011010011100011111111100101111001011100010000110110001011101111100110111111110001111110111111011101100100011101011010
1100110111000011100011010000101110110111011101110101010100110010100010001010101111110100011011100101000010101100010111110101110011100011011110101010111001101110010
0101111100001000011110100000100100111001000001111111010101011100011110111001001101101100011000001110001000100000100101000001010101010100000111100100011101110001101
1000001001111001010101000110011010000001011000110000001110010110011010011000110101101101111110001111110110111100110010100110111001100011001000100100001010011111011
0010010011111101110101100111110010110000011000010101001010010111001011001001101001100000101000000100111000111100100010101001111001110100110011110011010111001101001
0001011010000110100010101101110010001001001011010110001011011110111001001101010101011110110110010111010100101100100100011000001100100010000010111011000010011001100
1001111010001110101010000000101101001001010111110100010000101101110111000111010011111100010101011000001100100101100010110111110100100000101110100010110100011001001
0110111111001100101100111101110101010011100101011001001001000010100111111101011000010100101111110001111001111100111101010110001101111011111010010000010001101010110
0010100101110101001100110000100011000110110100101011111011010100100101111001000111100111110010001010111100111100101001001111110111110000010000110111111000010000010
0001100001111001111111011111100100111000010001110011111011000011111101101001010001010110110001011001110001001000101010010100110111010000001001001011001110000110101
1110010011000111001010111000010001110010110000111111100101101101000010011111100111100001111101001011101010001101011100010101010101010110110101011111101100100000111
1010100000011010101010101100111100111011100101111001010100001111100100110111011100100001111011000001110111010110011111010001100100111000011011110010101011100000001
1101111001011111111110000110001110100011100010110111100011001011010110010110110101111010111011001110001001010011001101011110100011011010000100100010111111000010000
1110010111110010110100011100111101101110101101001100001000110000000101001111110100111110000101001001100110111000111011010010110100001010000010010000100000010010101
0101101000010000000100001000001001001001011000011010000001100100000111100000100001001101101000010110010110100101111000011000000010100001101010101010110001011010011
1111010110101110100101001011010001100110011110111011000100110011101011011110110000000100001001100101010000110100111101011101000111100111011000010101111100110110100
0101001011011111111011011100000011001100011101100100111110111011010001110000100010001011000000100111110111101110100100010110000101101101011110010000000010011011001
1010000111000001100000000101000110000010000100010110111111100001100110001100101011100100100100110010001010001010111101110001101001110101101011110000011100101010100
1000101010000100001001001110011001110000101101101011101111101001010101001010100000100111011100110011111111010101101100000111001101100011010011100101110001011001010
0010110111111001101111000111001110110111110110010100101000110010110110100110000110000011001101001111100101001100110101100001111011011000000010101101010110010101111
1010100011001100000011100100010011101111101001010001100000010001100101101100000101111001110001011000110101010000110100101111100111110000011101110001010010011100110
1101101000000011010010101000010100001100110100011100001001110101110110101000001011101111010100110101001001000111000011100101111111110111011110111010101011010111100
0010110011100101110100101101110001100001100110111000100110001110100110100111001100100111101011001111001011001000000001111011110011001101100100100101100101111000011
0000011100101110100001110001010111110001011110101111001111011011010011001010000110001000100011111000111111110110010111011101011001110000011100011111110111000000111
1100110010000111011011010011110101100000011000101000111111110110001011101011101101011011111010101111110110101111001010011001110001011110111101001001010001111110111
1110011001101011111110010001000101000011001011100111111100000110001011111011000010111001011000110011001010010010101000111011010000010011101000100110100010010010011
0011001001010100011000111101110111100110011000000011100010001101101100011110011101111001111101100000001111101001100100011010100110110001110100010010110000000111010
0000001100000001110101100101110000011101111101111101001101001011101000110100100010001001010110111101010010001110001010110000001000110011110011000110100110001001000
0001101001001011000100110110100000111010111010101101000110000100111100000111110000000010100110010100110001000100000101001010110011011110111110010100111111110110101
1010011110000110011011111110111100101110010001010000001111010110101111011011000000010101111101111000110110010110101110101101011110111000000010001011110101010001100
0100011011010101110111111011110100011010010000111011011011011101110001110001001000110000111000011011011110100010100011101101110001111101100101100111001000111101010
0101111111100101101010100010010010101001000010101111111100011100111110100111111101100011101100001110100101011100101011101000110111010011101110000110000100110111111
1111111111111111111111111111111111111111111111111111111111111111111111111111111111111111111111111111111111111111111111111111111111111111111111111111111111111110000
