10000000000000000000000000000000000000000000000000000000000000000000000
11100000000000000000000000000000000000000000000000000000000000000000000
00100000000000000000000000000000000000000000000000000000000000000000000
00010000000000000000000000000000000000000000000000000000000000000000000
00011100000000000000000000000000000000000000000000000000000000000000000
00000100000000000000000000000000000000000000000000000000000000000000000
10110010000000000000000000000000000000000000000000000000000000000000000
11111111100000000000000000000000000000000000000000000000000000000000000
00110100100000000000000000000000000000000000000000000000000000000000000
00000000010000000000000000000000000000000000000000000000000000000000000
00000000011100000000000000000000000000000000000000000000000000000000000
00000000000100000000000000000000000000000000000000000000000000000000000
00000000000010000000000000000000000000000000000000000000000000000000000
00000000010111000000000000000000000000000000000000000000000000000000000
00000000011101110000000000000000000000000000000000000000000000000000000
00000000000110010000000000000000000000000000000000000000000000000000000
10110100110000001000000000000000000000000000000000000000000000000000000
11111100011100001110000000000000000000000000000000000000000000000000000
00000000000000000010000000000000000000000000000000000000000000000000000
00000000000000000001000000000000000000000000000000000000000000000000000
00011100011100000001110000000000000000000000000000000000000000000000000
00000100010111000000010000000000000000000000000000000000000000000000000
10110110010111001011001000000000000000000000000000000000000000000000000
11111111111101111111111110000000000000000000000000000000000000000000000
00110100110110010011010010000000000000000000000000000000000000000000000
00000000000000000000000001000000000000000000000000000000000000000000000
00000000000000000000000001110000000000000000000000000000000000000000000
00000000000000000000000000010000000000000000000000000000000000000000000
00000000000000000000000000001000000000000000000000000000000000000000000
00000000000000000000000001011100000000000000000000000000000000000000000
00000000000000000000000001110111000000000000000000000000000000000000000
00000000000000000000000000011001000000000000000000000000000000000000000
00000000000000000000000000000000100000000000000000000000000000000000000
00000000000000000000000000000000111000000000000000000000000000000000000
00000000000000000000000000000000001000000000000000000000000000000000000
00000000000000000000000000000000000100000000000000000000000000000000000
00000000000000000000000000000000101110000000000000000000000000000000000
00000000000000000000000000000000111011100000000000000000000000000000000
00000000000000000000000000000000001100100000000000000000000000000000000
00000000000000000000000000110111100000010000000000000000000000000000000
00000000000000000000000001101001111000011100000000000000000000000000000
00000000000000000000000000000000000000000100000000000000000000000000000
00000000000000000000000000000000000000000010000000000000000000000000000
00000000000000000000000001011100101110010111000000000000000000000000000
00000000000000000000000001110111011011111101110000000000000000000000000
00000000000000000000000000011001110100100110010000000000000000000000000
01111111111101111111111111000000000000000000001000000000000000000000000
11010100110110010011010011110000000000000000001110000000000000000000000
00000000000000000000000000000000000000000000000010000000000000000000000
00000000000000000000000000000000000000000000000001000000000000000000000
00000000000000000000000000000000000000000000000001110000000000000000000
00000000000000000000000000000000000000000000000000010000000000000000000
10101110011100000001110001011100000000000000001011001000000000000000000
11111011110111000000010000110111100000010000001111111110000000000000000
00000000000000000000000000000000000000000000000011010010000000000000000
00000000000000000000000000000000000000000000000000000001000000000000000
00000000000000000000000000000000000000000000000000000001110000000000000
00000000000000000000000000000000000000000000000000000000010000000000000
00000000000000000000000000000000000000000000000000000000001000000000000
00000000000000000000000000000000000000000000000000000001011100000000000
00000000011101110000000001101001111000011100000000000001110111000000000
00000000000110010000000001011100101110010111000000000000011001000000000
10110100101101111000000001101001111000011100001011010011000000100000000
11111100011010011110000001011100101110010111001111110001110000111000000
00000000000000000000000000000000000000000000000000000000000000001000000
00000000000000000000000000000000000000000000000000000000000000000100000
00011100011100000001110001011100111011100000000001110001110000000111000
00000100010111000000010000110111101100110000000000010001011100000001000
10110110010111001011001001110111011011111101111011011001011100101100100
11111111111101111111111111011001110100100110011111111111110111111111111
00110100110110010011010011110000101110000000000011010011011001001101001