0001100111110110011011101111001100000110001001010011001000011110010011011011011000010010011100101010010001110100001011000001001111111101001110100001101101000011000
0000001010111100000000011000000001100110100101010101000000001001010101111101000001010100100010000101101000001000011100100011011010001111010011100001010111111111001
0100000110111011100100000101101101000101000010110111010111001100010111001111000011000001111001001000010111000000001001011001111110111000110010000111111110111010100
0010100001101000101011010000100001010101000110011001111001101100001000111010101010000101110010101010110010111011001000101011011010011000011001110010010101101100010
0101111001001111100100011100000110110011011001010010010101000101111000000111110100010011001111000011000010000110010011010000110111011010110101101110111111101011100
1001011110010100110011110010000101010001011000000011010010011010001111111110101011100101010000110101110010100011100100010001101101111110001100101000100111010111001
0010100111001000000011011010110110001011100001110001010111111011011111010010101001101000110001010001010001111100101101111101111000001001001010111101000001000100101
0111101110111011010100100100100100111001110100101010100001100100110011001100001100110011111011011001011100011110011101100100001110101111110101111101000110110001101
1111101111010110001110011110010011010110011110100011100101000001101101110011111001001010000010001111001011011110100001001010101111100100100100111000011011011100000
0000011101011101011111001000100000010001010001101000011011111110111100000000101001110110000000001010011111110000101100010000100101010011000011011011011111110011110
0100111000001110011001101010000111010011110110011100000000101111010101100101101001011001101100001010000100000010000000101111010111001000101010101100000110100110000
1111001101001101010100100011100001101111001010100111111001011001010111001100000101001001001001000101000001101100111011011010000001110010111110100110001000000001110
1110110001001101011110110001010001110000000101010010100010001101011011011000101011111100001101100100100001001000011001010100011101000001010100111110011110101101000
0000010001110001100100011010011111100101011110010101111100011110111100100101110110000111111001000111101100110110100010000110111011110011011001111010000111100000010
0000000011101110101101100100010101111101010111011110101011010010101110010111011100100011111100001001011010000000001111100011110000011010011011100010110111101000011
0111111100000101000100100111001110001011000011101010000000011110010001111101111011011111001110001010111110100101010011100101111010010111100101100001001010100101010
1111010011001001101001110011111001000010001110110101001011011000001110111011011010000100101111101110011111111101000001000011100101111101000101000110010010101000011
1011000110011011011001101000001010100100100000101000110111100110101100110111011111001011011111100101011111010011010010001010001111011100110010100101101101010001111
0011110011100110000100000000100110000110001011000101110001100011100000000110100001101111101111100110000100111111000001010010000010101110011100101001111111001101111
1000101010100101110100001100001100101010101010111011000001111100101001001011101001110011110100000111111000111100101101000111000011111101010001110100110111011101011
0101101101010101000100100000010101101111000011000100011100001000000100101001010010110111100111110110001100000011101100111100000110010110001110001000101011011110011
1010001000111011100110000111001000110110111100111100110101111000101100011111011101000111101101001011101111110110000001111010101110010001001100000111101000010000000
0000111001001111001100111101111101110000010100001111110001101001101011001000010110100100110000101001101001001011100110000100001111011101011101111000000011110000011
0001100010101110000010111000010111101111100001000100111000001010001101110110010100100001111000100001001001011101100110100110100110111010011001111001011011011001111
0111001100000110111110001000110101110000010100011111110010110001100010000100011011000011001001111010101001001001100101000110101001000001110111100100000000110001001
1010011010001010001110111001010011100010100101111111000100000110010101010101011111011000011001110100110100001001100010100110101111000011100000001101111011001011111
0111100111010011001100111001000000011001010111101101100000111000000101001001010100110110110010010110001000001100110100001100110100001000110100000001001000100101101
0000111110100000011001110000000101100110110010000110000011000100000100101111011110001001010011000110011100001100111111011011001011001111100101111011010010001100010
0110001110001000000110000100101000111110001001111110111101110001001111010110100010110010010011000011001101100111001011010011010111110000010100010010001000111111100
1101111000101111101010101001011110111101111101001000111100010101100111001101110100001001010101000011001111010001111110111010100100001000010111001011010001111101100
1001111101000011011011100000100101001111100101010010000111011110001111111100100111010001110110001111101110111110110001111101010000100011010100010001100111110001100
1101010100110111110011000101001000010010101000110000110001010111111001111011101111000010110011011101000110110110011010000000100101001001111110101100110101010010011
1100010110000011100110111101111010001100001011101010111001010100010001101100101011000100100011001101011100000011101110000111100111000101101010111000111110001000111
1111010101011010000101101011011010100000011011000000101100011000011101001110111000101100000000100111011100011000010111100100001101101110100010110100101100001111001
1011101010111111110000000000001111100100111111010010100000010000000110001000111110100111111001000001110000111100010111001011000101011111101001111000100111010100011
0111111111001001111100101010000101010110110101101111000111010111000010010111110010010001011010010111011100011100011101111100000010010111101001011011111001000001101
1010010100100001111011110011010000000000000000101101111110011111111011110110111001101110101001101011110110110110101111100111000010010111011101001011100110100000001
1011100100011001000011110000010001010110011101110011001000000110101010101110001100001000010011010011110000101101100001000111111000101000010111011101001111101001111
0110001110110111100011010010110100011010011010001011111011000110000101111101110101001000011010011001100100101010101111110110111100001011010100110010100110000010111
1101010000010001011011100100010100100010011100001010010100010001111001011111010110001100100001111000000010101001010010010001101010001011110011000001001100000110111
1111110110111111010101001101110101111001000011100111100000101101101100001111100000100001001010011010101101001110010110110111110000001001111101111001001010011001111
0001011100010110110111001011010101001000010011101111110110010000001001000101110100100110111000111011011111001101110101100000111011001111100111011111110110010111000
0110110100100000100111001100101011010000010010101101000000001100010001010001111000010011100111011110001011111101011110100110100110010011101011011100100101111010001
0001000100100001001010010100010011011010000100001000010001101100110101111111011001011100100000100000011000010110010010001011101100101111001110110100100100111011100
1111000111111100011011101010100001100010010000000111100010000101011001111001100111000000101011101110010111110010011111011110011001010000100111011011001111011001111
1101010010010110111101111100100011101000000111101110001010011010100000011100111101010101010001010110001111001000001011110111000101011110001001110001101000101000100
0100110111010110100100010111111111100000100100001010100101100100101101000011101001000111111010001110000111111111110000011101111011111110110101110101100001010111101
1101010110011010001000010011110001100000010011000100111111110111010001001011101010000110111110110010110111000101100111101111010000100100110101101011001111111100100
0010000000110011101011111100100110000011010111001000101101011001011111101010000010101001111011110100111110111100101010111001100010011111111111110101100001011111111
0001110101100010100010000111000111010100100110000101111010001000110011100010111011011011111110011001001001110101101000011100101011101001011000100110001001100001101
1111000001111111111011001010100001000011100111101010011100100011111111110110010101100101011110011011111101001001011011110101010110101110010001100011000011101101101
0101001011111011100101000101001000101111111010001000001100010100100011101111010100000011001010111011111101111110110111100001110001111000100111101011000010011100001
0010010111110010110100110111011011010011010101011000000111101101111101101101011011010111110110011111110101111111011111000101010110110001010001101001000001111000011
1100000010110011100000101111101001001010101000011000111110010110100001011111000001000001101001100010101000101010001110111000010101011111111010110000001110000001100
1101000011010101111111011000111111110101111100000110101001111010010111110000001010011110000001110000100110110010010001001111111001111100000100000110100101001000110
0110010000100000010111110101100011110001001010011001110011011111010101001001011000001110011001001100011011100100001100010001010110010000011000000110111101100101110
0100011010000010010101101101010011001010011000101010011000100001100011111101110111001100100100100000011101101011100100110001010111100000110110001011111001001111100
0010011100001010110010111100101101111110010010001011100101011100111010111100001111101010001101101010010011011100111011101001001001010110010011000100111111000110100
0111001101111001100001110110000111010100011101000010101000101100101101111011011110110111100100001000110010010000101111011101111010101000100011011001110110011001100
0011000101001001000011000011000101111000000001100000011111111001111100001010001110110100011000001000101000101111001101011110001111101000001010110000001011010000001
0000111010001000010110101010011010000011010101000100011101100000010110001001110111000011111010111110010100111111101111000011011101100001111001111101101000011110001
0111110110110001111001100111000110111110000101110011100101001001100011000110010000011111000001111010111110101011001101011110110100100111101001101010001110001100101
1101101111111100100010100110011100101000101010101001011101101011000110001000101001000010011010001100111110100101111011010001011011101001110011100001001011010001010
0100001001011010100100111110110111010100010010000111111111100111111011001100011101110011010010000010000101101100011111001001110110110010110110001000001011001010100
1001000010100100011100010000100100010100110010111000001011111001011011000011011001100110010010111101110011001000100101110001001011001011111111101010000011001010001
0110010110111100011111110101010111010101110111011011110001110111101101011101110001010111100111010011100001110011000010001100111001110010011011011101101111110101001
0111010100111011001001100000010101101111100001100110011001010111000000011111000101010100101100011101011101000011011110110010001010101101100110000111011101010101011
1000111110010101011010011011111011101000111100110000011001100011111010011111010111111010100101001011111111101101101000011011010011000011101111000001100100100101011
1101111010011101010000000110101111101000111011011110111100101011001001100101000011010000011101000011111111011000010101101000110001011111011011110111110110010001111
0100100010010010011001001110100111110100101101111110010001110011110110110011100110011100111111100100011100000111101100100000111011100100001100100110110101000010000
0111100111001100110001001100110110100011011101000100010111001110110110011010010001100110101100110010101001000101001011110110100011100010001101101110000011100110101
0111011010110010001111010010000110111000100010011011011001010101010011000111101101110010101101001111111000110001000101001000110100111111000011011000010001001101011
0001010111101111011000000110111000011001001001110101000110011001010011111000001010001111001100101010011110101100010101111000011110101101011101000111110100001110000
0001000111110000110111001110001001000111110011101011100111000010010011100101010001111100111111110101101100001011100110000111010110101110111111000011010111001100000
0001100111001010001101001110111001011111000100101100111110000010011010100101011111110100000010001101101101010100111000111100010111101000111101001100100000100010111
0000001110101110001110001110110111011001010000110111101001110001111000011001111010010010010101101011000000000000111110010010111110110111110111010110000011100100111
1101110010000101000101100000111110100000000111011110101100101111011001010101001001111000000011110100011010101001101000111111010010101011101100010111001111101011010
1000000011000101110010010100011001101110101000001001000001000000001010011100110110100111100001111111110101011001110010101011101001110110000110101111111000100000011
1011101000011100111110110111010101101110110011100111000000011111001101100111101000000111111011010110110111100011001010011010100111111101100111001000011101111011111
1001110011001001111100101001000111011111010010100111100001001100111101111011001100011111100111010101001001110101110101010110011100101101010011110010010110100001010
1000011110110101101101001101010110110101101110010000011101110011111100010100010101101011111101000000111111101001011010001111001100111010010111001100110010000101111
1100100000000010110101010011101111101001000101110101111001101001011010010101010011000101101010000011111100010001001001101011011101001010001001000101001011000101001
0001001000000010101000110101001011111010000001011100000010100100101011100111001110011001110010111010010100001011001000001101100000101011010110110101101110010101101
0111100101100110111111111001110100111010111101101101001111101110100101010001111100011111011111011101000100111111101110101010101011001010001000010111101010101101111
1101110000100000011100000110110001000111000101011110000111111010100100001010010100000100110010110110111011111011110001111101111011000100010111001001111100010010100
0000010100110000011111101100110010101101100001111011000011001111110010101100100010111011101010111001001001011000011101100001101001100100010010111100111100001011011
1101110111111011001000010001111010111111100101111000111011100000111111000001101011111011010100001111111010000011010100101011000110010011001010000010111110100011001
1101011010100101010110011000011101001100010011011000000110111100010010101000110010010100000110111100100111100100110010100110010010110100110111010001011111101000100
1111000111000101011010011010000001110101101010001010000110100011010110001110000111101011101001010110111100010111001001100010010010010110111011100001111101001111000
1001011100110010001111011100110000010111011111100001011110100010010101010011111000110001001100010111010110011010001001100001110010110110111000010100100101101110001
0110111111010111011001100110000010110100011010001010001110001010010011000001000000001111001110001010100000000100000111000111111100111101000110100010011100111011111
0111111110101101111111100101011110101011001100000100001110001000111110111101111000010110100010010010111000110001101101101110101000000100010111000010000001010111011
1011110001111100101101001010111101101101000011001010100000010001101001001001001011111110001101010101100001111011000101010111110000011011000110010001111110101000000
1111101100011110001000110111101000001100111111111101111110110110010011111111111000111010101100101010110110111111000101100001101001111011100111001001001001110111000
1101011110110100000101010000101111011010110010100001110111011110110001111010000000011111101011000011100000110001111100000011000010000001010011011011110001110000010
1100010101001010110110001010010101011010100001110110000011100100010110001111011100001010101000001100001011100011110011111000100100101100110010011001000110111100010
0100000010111100000000110101100111101010010110011101000010100101000110110100010000001010001000110100011011111100101100100111111000011100111001101101011011101111111
1011010010011101011101101110001100100001111101101101101010110000010110101010011011101110000010111110001111110111010100000111101111001101111111110001110011111101000
0110010101000011101000111100100110110101110000000010101010101001111100111010111001111010001110000001000001100100011000100010111000101000000010100111110110000100000
1011111001011110110000101000101110011000010110011001010100110011110001101101110111101101111010000110100111100011010100011011000100101010100101010000100110110000010
0111001101001000110101000010101001010000100100001111001000000100110101101100001110100110010100000100111100111100001010010011110110001011000001110011010101011100110
1101010010100010111111100101000000111110001010000111000011010000101110101011100001010000111010001011001110101101001110001110011111010010110000000000101011010110110
1101010111000111011110110001110111011111110111000000111001101101101111111111000101010111111001101011000101101000110101000000011001101000101011100100100011100111111
1100111110110100100011110101011011101010010111100100110011110011011100010110110100110101100100010010000010000000010100011001000110011011000001100011011110100111100
1100101010001100001101011101111011000110010010110101110001111011010100110010111001111010100101010001101000001000010001011001100101101110110011110110110000101010110
0010010010010101001111000101000001111001011010011000010111111101001011101110000110010110001011100011001111100111010011000111000000001000001011110011100100001101110
0100100110111101100001001110110000111100000011101101100111111000111001000111010011101010111111011000001100101101111101100001000110110111100011111101101101001101011
0011110101111000110111001110001000000000001011111001100101111001010010010000001111100110010100000111101101011101000010101011111111010101010110101110000000110100000
1000100111011011100011111010111111010001111011100011011100101011010000101110011001100011001100010010011011101001010010110000010110011101100010111111000010110101001
0001110001111000010100010101001100011011111000000010100001111101111001011111101010001101110110011010110001011010111110111111010010110101000111110111000101000110010
1110101000001111010110011111010000110110111110110010000010011101100100110010101001100111010100011111001001111000011111010010101010110001111001110001011100010001000
0100110101001010111101011000100011000011001111010011110101010011110011100000010110001001001001110100111101111001001110100101000010001111011001000110111010001001110
1110100010001110011110111001001011100101111100010000010101010101101010111101000001111010011001111000001101011001100000011011000100001110101101111000000001000000010
1011100100010001000001110011001101110011011001010000101110001001000100100000001110011010110011100101101101101111111110001111110000110010111000100101100111111011111
1001011001000001010101010010011100011100011111010011110001110100001100010111001101101011110011100010000011100101101010110000101110010101101001001101110111001110000
1100110011101111100001011100000100010000110110110001011010000110000010001110110111001011100001011110101010000001101100110010111101001101001110110000001100100100101
1000110011010111001111101111000011010101001000001110101010001100111110110110000000100101100001101011011011101110111011101110101010101101010011100111010111010011100
1011111101111100011100010101100001010100010011101000110111001110101010010001010111010000100000011010111111111111110100010010010001001111101011100001001001101111101
0011001101001101110001111000100011011010010111000111001111110010110100111011001100010100010100001011100001011000100000011100000111100011011100101101000000111001000
1100100100100101000101000010100010101101100110111110001101010011001111001001110010010000000110100110010100110110011111010001011110000101000010000011010111001110010
0111100011110010000111011100101101111001110011000010110100110111110010101000111011100111001011000111010100101001100111111111010011111000000011010110011101011000111
0001001001011001111011010010100101101101000011111001001010101101110011011010100110101101011101010000011000110001100010101100101100100010001101100011101100100101001
1000111100111111100111001100110110111000111010101011010000110011110010000111110010110001111110110001001100011100111100100100000001011111110100101001100001011011001
0001010100001001111001000100001110101100011111000010010101101011010100011110110100001101010101110010010111000011110011011010000011101101010110100100110010101001101
0000111010000010000100101011110000110010111110111110011000001110000000101001101011110000001111001001011110011110001010100011001011100000101100110010100101000111011
0000010111100011110100110011001011001100100111010011011010011000100110111110110000100101100001010000011010101100011111000001011010110100110111000010000010111010011
1111000001101101110001000110011010111010111001111110011001011111101010011100100100111010011110011110011011011101101000001110011001110011111001101110001111100001101
0001011111000111111010011001111100000111001110101110110011100011111101110101111101010001001001101000001001100100110101011111011101110110101011001011101001011001100
1101111111001101001010111111110000011001000101111111011010000110100111111010011111100111000000010111110111110001111001000001111001010010110110101001111101000111001
0000100110011111001000010010011110110100111100001101101110001110010101101111001001010000010111110011101110110110100110111101010101111100011010111110111100110110111
1111111011111111001111100101100101110001100011110111101110110100111000010010101000010111101001101011011010111100011010000001001010011110110010101110111100011100000
0110001101111000110001001101110101110000101101111110101110000110000000000101100100001111010011011100111010110110101111111001111111100001011011101100100110100101010
0000010100100101101111110111001111011000010111100011110011011000011101101011111001110101000111111000111011100010011100101110100011111001011110100011110111010011110
0011100101001101001111011001100111101111110101001100010000000011000100100110001010001100110011001110000110000010100111000111010010001011010111111000101000000100001
0111001010011100011100010011110011001110101101001110111011101110101011110000000011000110010110100011111111011011010000010110001111100000000000110010010010101110100
0011000010000111010001101100001000001100001001111101010011110001001011000000101010100010011101011000010100001010000101100001001101000101100110100100100100010110111
0110010111111010111100010100100110111001110110011101100000101010001101000100000110000110011001000010100011111100010001011111100000111001110001100000110001010011001
0010111110111101111000110101100101001110100111111001000011001100010001111001001011111101011110000100101010101100011010001111110001011010100100111010100100001101111
0011111001011101000101001110110100000101100110101010001101101101011100100101100011010110000011101011001010001011010000111010100101010101000111000010101110101110101
1011000000000001001101111101100111011100110100111001000010000110101010101100110110101111010101101100001100110111000011111011100100001101011110101100010011001100010
0100100101110101011011100001100000101010110101010001010001010100000111010010011111010101111000110110000101011011001000000100110000000000111001110010111100001111100
0100011010000011001010100010101001011001110101011101101110001110110011000111000000000011001111011101110011100001010101010001101111111001000101111001000000000100100
1011010000100101111110111111011110101111001010111011100100110100001100001110001100001011010111000101111100010010000100111111101110110100000110010011111000010001011
1101100011000011000111000011011110111100110110101111001000001000100000010001110011111111010010101100001110011101111010011010000011011001011000110101110110011101000
0011000111111110000001001010100101011101000101001110010001001011010011000001100110110100111100110010011110111010101011111101100010100100100000110000111100001000101
0100100001001110100011010000010101110111000001011010010101010011010111101001011000100010101011011001110000010110011101100100001001101101101001000011110101110000001
0001000001110110110101111000110110110101110010111101100100010001011100100001000110011111111010011000011010011011001001111101100111101100111100010000110111001011010
0010111101110010010100100101111101000011110100111101110110010010101011000001110101000110000101110110011111111110100011111011100000010111110000110110000010101101111
0011000111011101111111110011001000100110110100100010010000111110111100111011011011101001010111001011011111001000111101110000110101110110001010110100011000011111100
0111100101111011111010010100011101101100000100101101000101101001111100101110001110100010101111000011101010110110001011000100011001101101000011001010100010000100101
1110111111101101110101010100001001001001000001011100111010111001000001010010001001100111111010101110101111000000110111100011100110100010101100011000100101100010000
0101101010110100101011110111010101101100011010010111001010001110101111100011001101110000010101001100101011101100001000010110011010000000110101011110101111001100001
0011100010010001101001001010010000011100010111100011001000111110001010100001110101000011010100111011100100001101000100011101101010001100100001000100101001111011011
0010011011011001101000100110100110010011110110110011110111000111110110110010000001111100110110101001101101110011110001101010101101001110110011110011011001001001100
1111100100010001011000001100100101110110100111001100001010111010100000001101011111011001110010110111101011110000101101110101000010100111001110011000110100001100111
1101001111100101001100011111101000100111100101010000011010110111000111111000111010001101011000101110111001111010000001100110100100001101100001100110101110110111000
1111011100011101101011000011111111100110111010111011111111101000011001100110001110100000011101010100011100010000010111000010011100001000111111011010101101101100011
1111111111010100001101101011101101110100110000110001111000001100101100010001000110011111111100101101010110110110001011111001100101010010000111001000011010110110111
1101001101101000000011111000100000000000101100111000111110011111101000111000001011000000011001101001000101010000001101111010001110011100010111011100110010110100000
1110110110110110110110110110110110110110110110110110110110110110110110110110110110110110110110110110110110110110110110110110110110110110110110110110110110110110111
1100100100100100100100100100100100100100100100100100100100100100100100100100100100100100100100100100100100100100100100100100100100100100100100100100100100100100100
1010010010010010010010010010010010010010010010010010010010010010010010010010010010010010010010010010010010010010010010010010010010010010010010010010010010010010010
1111111111111111111111111111111111111111111111111111111111111111111111111111111111111111111111111111111111111111111111111111111111111111111111111111111111111111110
